112 3048443542
115 3562968644
118 3948672930
122 39669950
125 426064904
128 811883214
131 1197356688
134 1583677526
137 1969907082
140 2355334656
143 2741846592
146 3127525114
149 3513534890
152 3899962240
155 4285629250
159 376407854
162 762901788
165 1150919748
168 1534751624
171 1923402110
174 2306959252
177 2692304866
180 3078404444
183 3464670274
186 3850327220
189 4236552826
193 328352802
196 713249046
199 1099332098
202 1485218484
205 1871252044
208 2257748890
211 2643384714
214 3029420940
217 3415702544
220 3801326802
223 4187310736
227 278406710
230 665021126
233 1050181622
236 1436763320
239 1822379380
242 2208143498
245 2594384656
248 2980461920
251 3366398934
254 3752697332
257 4138775658
261 229166888
264 615245842
267 1001673148
270 1387487414
273 1773188528
276 2159295920
279 2545171716
282 2931803658
285 3317230326
288 3703086430
291 4089122784
295 180134870
298 566196678
301 952728004
304 1338270428
307 1724068630
310 2110379148
313 2496585468
316 2882037096
319 3268351294
322 3654784220
325 4040052524
329 131241590
332 517615138
335 903035024
338 1289603748
341 1675190738
344 2061027046
347 2447931520
350 2833192242
353 3218983310
356 3605528612
359 3991200884
363 82221072
366 468410408
369 854497988
372 1239955070
375 1626171874
378 2012196756
381 2397945824
384 2784492742
387 3170231730
390 3555938654
393 3942428190
397 33569888
400 418933322
403 805479442
406 1190983114
409 1576859158
412 1963445042
415 2349084710
418 2734882058
